        1.570913041957127
        1.570921509327989
        1.569825331593746
        1.573774847938659
        1.564461229650483
        1.581488566240268
        1.556186558399779
        1.586489128248663
        1.560057048611838
        1.567575096370357
        1.598873419405595
        1.507464348565424
        1.676245936380381
        1.423626996602141
        1.749414214595958
        1.380405927898707
        1.749414214595958
        1.423626996602141
        1.676245936380381
        1.507464348565424
        1.598873419405595
        1.567575096370357
        1.560057048611838
        1.586489128248663
        1.556186558399779
        1.581488566240268
        1.564461229650483
        1.573774847938659
        1.569825331593746
        1.570921509327989
        1.570913041957127
        0.810000000000000
