        1.583102127842656
        1.543843842924625
        1.618169361755088
        1.506514492347382
        1.640641790900698
        1.516594711030811
        1.586921843596781
        1.611891579859578
        1.467745707742545
        1.723905195016318
        1.399003721590037
        1.723905195016318
        1.467745707742545
        1.611891579859578
        1.586921843596781
        1.516594711030811
        1.640641790900698
        1.506514492347382
        1.618169361755088
        1.543843842924625
        1.583102127842656
        0.810000000000000
