        1.573865020344660
        1.561663875925462
        1.590639304410329
        1.537373910177566
        1.617457528142775
        1.517475773132469
        1.618972281195367
        1.543325366590244
        1.564142121161494
        1.618824867121856
        1.485446024077258
        1.678717437458982
        1.463069116316901
        1.656650360558581
        1.521200582427544
        1.581843797492531
        1.591465783462200
        1.530917284370764
        1.618831262087170
        1.521692750990510
        1.619770131350528
        1.521692750990510
        1.618831262087170
        1.530917284370764
        1.591465783462200
        1.581843797492531
        1.521200582427544
        1.656650360558581
        1.463069116316901
        1.678717437458982
        1.485446024077258
        1.618824867121856
        1.564142121161494
        1.543325366590244
        1.618972281195367
        1.517475773132469
        1.617457528142775
        1.537373910177566
        1.590639304410329
        1.561663875925462
        1.573865020344660
        0.810000000000000
