        1.563457546762752
        1.589114479957981
        1.535987140843299
        1.621218724271347
        1.512577296997814
        1.619335285116064
        1.552584931663193
        1.540010492949213
        1.655750744170702
        1.444257793387765
        1.705925004371849
        1.467243067943727
        1.609310053088314
        1.608176020854051
        1.471661014401940
        1.693190504859971
        1.471661014401940
        1.608176020854051
        1.609310053088314
        1.467243067943727
        1.705925004371849
        1.444257793387765
        1.655750744170702
        1.540010492949213
        1.552584931663193
        1.619335285116064
        1.512577296997814
        1.621218724271347
        1.535987140843299
        1.589114479957981
        1.563457546762752
        0.810000000000000
