        1.570739929365405
        1.571029135726201
        1.570167897164035
        1.572083151263909
        1.568671199481556
        1.573619677704488
        1.567977894131221
        1.572183218526068
        1.572862532882967
        1.563160863277659
        1.585283271215165
        1.550152323015600
        1.593866324357102
        1.552553682479976
        1.573841432481949
        1.594961929001749
        1.508149875873050
        1.679232569745657
        1.416957223016963
        1.758908927156799
        1.369802458324960
        1.758908927156799
        1.416957223016963
        1.679232569745657
        1.508149875873050
        1.594961929001749
        1.573841432481949
        1.552553682479976
        1.593866324357102
        1.550152323015600
        1.585283271215165
        1.563160863277659
        1.572862532882967
        1.572183218526068
        1.567977894131221
        1.573619677704488
        1.568671199481556
        1.572083151263909
        1.570167897164035
        1.571029135726201
        1.570739929365405
        0.810000000000000
