        0.789602553917044
        0.008297356783519
        0.012670795716543
        0.012614004407097
        0.004062552936547
       -0.017610074703580
       -0.053048708585547
       -0.099798727335953
       -0.148663279933034
       -0.187214726927145
       -0.201727013093682
       -0.187214726927145
       -0.148663279933034
       -0.099798727335953
       -0.053048708585547
       -0.017610074703580
        0.004062552936547
        0.012614004407097
        0.012670795716543
        0.008297356783519
        0.789602553917044
        0.657760113554077
        1.570796326794897
        0.900000000000000
