0.794445522585147
0.005451727531578
0.004699720892972
0.001406995622636
-0.005185492124008
-0.015571618505904
-0.029830595686752
-0.047505375225168
-0.067519124513931
-0.088136751602809
-0.107048218110930
-0.121673811628355
-0.129684794778135
-0.129684794778135
-0.121673811628355
-0.107048218110930
-0.088136751602809
-0.067519124513931
-0.047505375225168
-0.029830595686752
-0.015571618505904
-0.005185492124008
0.001406995622636
0.004699720892972
0.005451727531578
0.794445522585147
0.072630166774202
1.570796326794896
0.900000000000000
