0.794138911495905
0.005865143262708
0.006975557928890
0.004136872422850
0.000122350270579
-0.009435111373861
-0.021035787452752
-0.038376904338366
-0.056736153233028
-0.078699468928501
-0.098133286890630
-0.116589193514519
-0.127349262460789
-0.132569370785720
-0.127349262460789
-0.116589193514519
-0.098133286890630
-0.078699468928501
-0.056736153233028
-0.038376904338366
-0.021035787452752
-0.009435111373861
0.000122350270579
0.004136872422850
0.006975557928890
0.005865143262708
0.794138911495905
0.072630166774202
1.570796326794896
0.900000000000000
