0.795108770794307
0.003652909132891
0.002779824881450
-0.003076831951711
-0.010316436440693
-0.023562695318913
-0.038214392426976
-0.058032284990893
-0.077056785811106
-0.097911712069766
-0.113473659736965
-0.125975074628829
-0.128802867495938
-0.125975074628829
-0.113473659736965
-0.097911712069766
-0.077056785811106
-0.058032284990893
-0.038214392426976
-0.023562695318913
-0.010316436440693
-0.003076831951711
0.002779824881450
0.003652909132891
0.795108770794307
0.072630166774202
1.570796326794896
0.900000000000000
