0.790694389553980
0.005769514025959
0.008550345075685
0.009601585179622
0.010182595235196
0.007274769132350
0.002282484796148
-0.007645199003168
-0.020411980309805
-0.038140294088216
-0.057609187516569
-0.079811511995620
-0.100182582489902
-0.118654426312787
-0.130091320481858
-0.135000777373236
-0.130091320481858
-0.118654426312787
-0.100182582489902
-0.079811511995620
-0.057609187516569
-0.038140294088216
-0.020411980309805
-0.007645199003168
0.002282484796148
0.007274769132350
0.010182595235196
0.009601585179622
0.008550345075685
0.005769514025959
0.790694389553980
0.072630166774202
1.570796326794896
0.900000000000000
