0.793081905007833
0.006623382759841
0.007641096811753
0.006889535658555
0.003474130095683
-0.003370746634250
-0.014137666509309
-0.028889374496423
-0.047145939871802
-0.067801656409116
-0.089083275774505
-0.108620951639058
-0.123740868221246
-0.132029140938535
-0.132029140938535
-0.123740868221246
-0.108620951639058
-0.089083275774505
-0.067801656409116
-0.047145939871802
-0.028889374496423
-0.014137666509309
-0.003370746634250
0.003474130095683
0.006889535658555
0.007641096811753
0.006623382759841
0.793081905007833
0.072630166774202
1.570796326794896
0.900000000000000
