0.792468886804272
0.006339201131645
0.008643695028138
0.008160545012430
0.006829301113399
0.000884405013341
-0.007307417775390
-0.021093543023075
-0.037126216338329
-0.057807086165987
-0.078440921936482
-0.100206500312783
-0.117205367710233
-0.130113142325462
-0.133558806116532
-0.130113142325462
-0.117205367710233
-0.100206500312783
-0.078440921936482
-0.057807086165987
-0.037126216338329
-0.021093543023075
-0.007307417775390
0.000884405013341
0.006829301113399
0.008160545012430
0.008643695028138
0.006339201131645
0.792468886804272
0.072630166774202
1.570796326794896
0.900000000000000
