0.794791852843430
0.002180230225678
-0.000990228743615
-0.007380406657491
-0.017431435287471
-0.031199938276745
-0.048231353466549
-0.067477955766993
-0.087266125929917
-0.105379896776457
-0.119359263840330
-0.127008961907771
-0.127008961907771
-0.119359263840330
-0.105379896776457
-0.087266125929917
-0.067477955766993
-0.048231353466549
-0.031199938276745
-0.017431435287471
-0.007380406657491
-0.000990228743615
0.002180230225678
0.794791852843430
0.072630166774202
1.570796326794896
0.900000000000000
