0.791350972951908
0.006399355781634
0.008426714076558
0.009426210987251
0.008526941983802
0.004849373183656
-0.002344560266796
-0.013504211285205
-0.028658726756502
-0.047303088476272
-0.068313207892477
-0.089904857203549
-0.109698183725760
-0.125003815997942
-0.133390412827015
-0.133390412827015
-0.125003815997942
-0.109698183725760
-0.089904857203549
-0.068313207892477
-0.047303088476272
-0.028658726756502
-0.013504211285205
-0.002344560266796
0.004849373183656
0.008526941983802
0.009426210987251
0.008426714076558
0.006399355781634
0.791350972951908
0.072630166774202
1.570796326794896
0.900000000000000
