0.795551302307871
0.005506148213261
0.007252750347070
0.005086482904729
0.003753555447303
-0.002588805316375
-0.008656986737812
-0.020273499594027
-0.031416740537500
-0.047635184924400
-0.062064702927827
-0.079800779831905
-0.093200018540323
-0.107040224111842
-0.113508778416122
-0.117926433562925
-0.113508778416122
-0.107040224111842
-0.093200018540323
-0.079800779831905
-0.062064702927827
-0.047635184924400
-0.031416740537500
-0.020273499594027
-0.008656986737812
-0.002588805316375
0.003753555447303
0.005086482904729
0.007252750347070
0.005506148213261
0.795551302307871
0.060493647109108
1.570796326794895
0.900000000000000
