0.794947372770078
-0.006428284024647
-0.011071294431282
-0.018777097469141
-0.029146794915315
-0.041727556477599
-0.055882498075315
-0.070721074200666
-0.085083890019957
-0.097620019046076
-0.106960432800986
-0.111960916079250
-0.111960916079250
-0.106960432800986
-0.097620019046076
-0.085083890019957
-0.070721074200666
-0.055882498075315
-0.041727556477599
-0.029146794915315
-0.018777097469141
-0.011071294431282
-0.006428284024647
0.794947372770078
0.060493647109108
1.570796326794895
0.900000000000000
