0.796985707699084
0.004071142343502
0.004732372528689
0.000616643910277
-0.002616016259387
-0.011515934506399
-0.019746570085756
-0.033760207660963
-0.046378424135432
-0.063721365964496
-0.077743694250915
-0.094144812062486
-0.104301885278729
-0.113962373626411
-0.114905917002906
-0.113962373626411
-0.104301885278729
-0.094144812062486
-0.077743694250915
-0.063721365964496
-0.046378424135432
-0.033760207660963
-0.019746570085756
-0.011515934506399
-0.002616016259387
0.000616643910277
0.004732372528689
0.004071142343502
0.796985707699084
0.060493647109108
1.570796326794895
0.900000000000000
