0.796805184306557
-0.000337858151152
-0.003588903346278
-0.009274497324189
-0.017491837788871
-0.028185991172403
-0.041058628605693
-0.055528289324165
-0.070704433628882
-0.085410519722265
-0.098264553125221
-0.107853742134936
-0.112990803658903
-0.112990803658903
-0.107853742134936
-0.098264553125221
-0.085410519722265
-0.070704433628882
-0.055528289324165
-0.041058628605693
-0.028185991172403
-0.017491837788871
-0.009274497324189
-0.003588903346278
-0.000337858151152
0.796805184306557
0.060493647109108
1.570796326794895
0.900000000000000
