0.796533421885382
-0.003812904669203
-0.006229608298514
-0.014642507158126
-0.022242380548815
-0.035694927789984
-0.047511364782808
-0.064110327445689
-0.077187665490882
-0.092827193098751
-0.102194162314618
-0.111452870876473
-0.112147905901539
-0.111452870876473
-0.102194162314618
-0.092827193098751
-0.077187665490882
-0.064110327445689
-0.047511364782808
-0.035694927789984
-0.022242380548815
-0.014642507158126
-0.006229608298514
-0.003812904669203
0.796533421885382
0.060493647109108
1.570796326794895
0.900000000000000
