0.795937812487254
0.005596657920380
0.005481081466372
0.003807491795351
0.000104345972745
-0.005998946486060
-0.014699403960032
-0.025980330881778
-0.039558677717014
-0.054825274436460
-0.070873790439003
-0.086456469672641
-0.100108430585776
-0.110307984884429
-0.115780170429879
-0.115780170429879
-0.110307984884429
-0.100108430585776
-0.086456469672641
-0.070873790439003
-0.054825274436460
-0.039558677717014
-0.025980330881778
-0.014699403960032
-0.005998946486060
0.000104345972745
0.003807491795351
0.005481081466372
0.005596657920380
0.795937812487254
0.060493647109108
1.570796326794895
0.900000000000000
