0.796946189409491
0.003526901992380
0.001935894208269
-0.001650032212428
-0.007579664340940
-0.016046623901339
-0.027035221014707
-0.040255899991840
-0.055122377255460
-0.070738525172856
-0.085892185718569
-0.099149230385005
-0.109057371930426
-0.114365494345943
-0.114365494345943
-0.109057371930426
-0.099149230385005
-0.085892185718569
-0.070738525172856
-0.055122377255460
-0.040255899991840
-0.027035221014707
-0.016046623901339
-0.007579664340940
-0.001650032212428
0.001935894208269
0.003526901992380
0.796946189409491
0.060493647109108
1.570796326794895
0.900000000000000
