0.797488622780411
0.001101525264929
0.000280783813520
-0.006004074248866
-0.011391198509080
-0.022753628169574
-0.032973968908434
-0.048736480289050
-0.062060512671605
-0.079258660401082
-0.091559471413463
-0.105026910431419
-0.110737261073094
-0.115301871673512
-0.110737261073094
-0.105026910431419
-0.091559471413463
-0.079258660401082
-0.062060512671605
-0.048736480289050
-0.032973968908434
-0.022753628169574
-0.011391198509080
-0.006004074248866
0.000280783813520
0.001101525264929
0.797488622780411
0.060493647109108
1.570796326794895
0.900000000000000
