0.798746072192464
-0.004997226587886
-0.006164491813941
-0.013952714106585
-0.019224416155025
-0.031050000451846
-0.039637281171535
-0.054229688900355
-0.064333858241220
-0.079149184578577
-0.087610573342878
-0.098984662851169
-0.102079926388127
-0.106646146819398
-0.102079926388127
-0.098984662851169
-0.087610573342878
-0.079149184578577
-0.064333858241220
-0.054229688900355
-0.039637281171535
-0.031050000451846
-0.019224416155025
-0.013952714106585
-0.006164491813941
-0.004997226587886
0.798746072192464
0.051832433975370
1.570796326794895
0.900000000000000
