0.797090457082340
-0.007169168377365
-0.010795108323777
-0.016994251297606
-0.025354420326119
-0.035518236349719
-0.047061617541905
-0.059427582029464
-0.071876884379294
-0.083562615380863
-0.093510741910781
-0.100781963529092
-0.104631665520467
-0.104631665520467
-0.100781963529092
-0.093510741910781
-0.083562615380863
-0.071876884379294
-0.059427582029464
-0.047061617541905
-0.035518236349719
-0.025354420326119
-0.016994251297606
-0.010795108323777
-0.007169168377365
0.797090457082340
0.051832433975370
1.570796326794895
0.900000000000000
