0.792901561769479
0.005702274342183
0.007262666275727
0.008245615797617
0.008646424782178
0.007825494616113
0.005762046544559
0.001889361420834
-0.003713653249881
-0.011398666938446
-0.020879630211258
-0.032198848145911
-0.044774433319559
-0.058244996357550
-0.071705647090822
-0.084368230351224
-0.095107145382660
-0.102993813238688
-0.107155716947861
-0.107155716947861
-0.102993813238688
-0.095107145382660
-0.084368230351224
-0.071705647090822
-0.058244996357550
-0.044774433319559
-0.032198848145911
-0.020879630211258
-0.011398666938446
-0.003713653249881
0.001889361420834
0.005762046544559
0.007825494616113
0.008646424782178
0.008245615797617
0.007262666275727
0.005702274342183
0.792901561769479
0.051832433975370
1.570796326794895
0.900000000000000
