0.792792758854518
-0.015614151965396
-0.018501826651836
-0.025975068387696
-0.035889167140417
-0.047328483404322
-0.059590634250435
-0.071943422733843
-0.083513953114385
-0.093358946026439
-0.100555417528715
-0.104362812762715
-0.104362812762715
-0.100555417528715
-0.093358946026439
-0.083513953114385
-0.071943422733843
-0.059590634250435
-0.047328483404322
-0.035889167140417
-0.025975068387696
-0.018501826651836
-0.015614151965396
0.792792758854518
0.051832433975370
1.570796326794895
0.900000000000000
