0.794200600473745
0.005384617240884
0.007983690607664
0.007413455121849
0.008692787174293
0.005915582468587
0.004547796381758
-0.001624964911516
-0.006606911663987
-0.016763392319767
-0.025486556913621
-0.039153957372771
-0.050537971639642
-0.065867224994879
-0.077313956381980
-0.090959794038344
-0.098629771266600
-0.106565945046786
-0.106877831973049
-0.106565945046786
-0.098629771266600
-0.090959794038344
-0.077313956381980
-0.065867224994879
-0.050537971639642
-0.039153957372771
-0.025486556913621
-0.016763392319767
-0.006606911663987
-0.001624964911516
0.004547796381758
0.005915582468587
0.008692787174293
0.007413455121849
0.007983690607664
0.005384617240884
0.794200600473745
0.051832433975370
1.570796326794895
0.900000000000000
