0.791225865855584
0.005019737334135
0.006739066458567
0.008090763825201
0.009146119949600
0.009246421985045
0.008405066584954
0.006001260676354
0.002080232924696
-0.003825654361629
-0.011512513861157
-0.021193025867004
-0.032423404008114
-0.045056744196928
-0.058349293725151
-0.071739804370722
-0.084187283263131
-0.094807253894092
-0.102537700646656
-0.106641770867448
-0.106641770867448
-0.102537700646656
-0.094807253894092
-0.084187283263131
-0.071739804370722
-0.058349293725151
-0.045056744196928
-0.032423404008114
-0.021193025867004
-0.011512513861157
-0.003825654361629
0.002080232924696
0.006001260676354
0.008405066584954
0.009246421985045
0.009146119949600
0.008090763825201
0.006739066458567
0.005019737334135
0.791225865855584
0.051832433975370
1.570796326794895
0.900000000000000
