0.796182823526906
0.005367431463650
0.007740600674694
0.006069688884004
0.006545088781302
0.002076184704200
-0.000587906351025
-0.008854168031339
-0.015318621928797
-0.027530552540858
-0.037399531192655
-0.052449614257158
-0.063916269016990
-0.079180290405154
-0.088928214771506
-0.100502445211978
-0.104510133410050
-0.108758576052924
-0.104510133410050
-0.100502445211978
-0.088928214771506
-0.079180290405154
-0.063916269016990
-0.052449614257158
-0.037399531192655
-0.027530552540858
-0.015318621928797
-0.008854168031339
-0.000587906351025
0.002076184704200
0.006545088781302
0.006069688884004
0.007740600674694
0.005367431463650
0.796182823526906
0.051832433975370
1.570796326794895
0.900000000000000
