0.798022011337458
0.004631174152314
0.006466425839844
0.003411953130369
0.002772415198865
-0.003612015999670
-0.007761135429264
-0.018126092482375
-0.025991923192291
-0.039928924800246
-0.050480159774630
-0.066163258797524
-0.076845495891201
-0.090927118916089
-0.097894446129012
-0.106357786840464
-0.106053473706530
-0.106357786840464
-0.097894446129012
-0.090927118916089
-0.076845495891201
-0.066163258797524
-0.050480159774630
-0.039928924800246
-0.025991923192291
-0.018126092482375
-0.007761135429264
-0.003612015999670
0.002772415198865
0.003411953130369
0.006466425839844
0.004631174152314
0.798022011337458
0.051832433975370
1.570796326794895
0.900000000000000
