0.796660909389594
0.005893395882599
0.006366952916839
0.005782866075448
0.003932986265022
0.000394347577797
-0.004924396910304
-0.012257082537914
-0.021481483006025
-0.032520500821096
-0.044923726991481
-0.058226623442594
-0.071610590499623
-0.084208790075195
-0.094933742530928
-0.102805691915662
-0.106970497151364
-0.106970497151364
-0.102805691915662
-0.094933742530928
-0.084208790075195
-0.071610590499623
-0.058226623442594
-0.044923726991481
-0.032520500821096
-0.021481483006025
-0.012257082537914
-0.004924396910304
0.000394347577797
0.003932986265022
0.005782866075448
0.006366952916839
0.005893395882599
0.796660909389594
0.051832433975370
1.570796326794895
0.900000000000000
