0.798231900048917
0.004812842369688
0.004317941998310
0.002506084806291
-0.000887218515449
-0.006109321939993
-0.013251067301253
-0.022321014357832
-0.033131466563560
-0.045351929890341
-0.058419207970333
-0.071610997174580
-0.083989701811785
-0.094566824389987
-0.102309495333774
-0.106409331886388
-0.106409331886388
-0.102309495333774
-0.094566824389987
-0.083989701811785
-0.071610997174580
-0.058419207970333
-0.045351929890341
-0.033131466563560
-0.022321014357832
-0.013251067301253
-0.006109321939993
-0.000887218515449
0.002506084806291
0.004317941998310
0.004812842369688
0.798231900048917
0.051832433975370
1.570796326794895
0.900000000000000
