0.792328968825286
0.004954932089505
0.007545390936251
0.007764620954191
0.009547471501709
0.008150306987447
0.007846240726916
0.003574617464422
0.000033943215524
-0.007995169034849
-0.015310062305359
-0.027150455084587
-0.037755929033181
-0.052258299218642
-0.064334644093773
-0.078912735906320
-0.089195261251004
-0.100042416325604
-0.104615321447547
-0.108197982925550
-0.104615321447547
-0.100042416325604
-0.089195261251004
-0.078912735906320
-0.064334644093773
-0.052258299218642
-0.037755929033181
-0.027150455084587
-0.015310062305359
-0.007995169034849
0.000033943215524
0.003574617464422
0.007846240726916
0.008150306987447
0.009547471501709
0.007764620954191
0.007545390936251
0.004954932089505
0.792328968825286
0.051832433975370
1.570796326794895
0.900000000000000
