0.794783578691463
0.006083074176325
0.007241216187423
0.007587363861798
0.007023486985533
0.004977583002813
0.001397157395569
-0.004154689491643
-0.011575283527505
-0.021032757355510
-0.032163056286464
-0.044767582248292
-0.058149568578612
-0.071682356443977
-0.084338990895145
-0.095154149721144
-0.103052721344919
-0.107254091550934
-0.107254091550934
-0.103052721344919
-0.095154149721144
-0.084338990895145
-0.071682356443977
-0.058149568578612
-0.044767582248292
-0.032163056286464
-0.021032757355510
-0.011575283527505
-0.004154689491643
0.001397157395569
0.004977583002813
0.007023486985533
0.007587363861798
0.007241216187423
0.006083074176325
0.794783578691463
0.051832433975370
1.570796326794895
0.900000000000000
