0.795756154819850
-0.011920871830509
-0.013483794394570
-0.022473945773498
-0.029408659476556
-0.042479408935147
-0.052161067133137
-0.066923089136783
-0.076698883222965
-0.089943684293828
-0.096221584743647
-0.104233343093056
-0.103762454801801
-0.104233343093056
-0.096221584743647
-0.089943684293828
-0.076698883222965
-0.066923089136783
-0.052161067133137
-0.042479408935147
-0.029408659476556
-0.022473945773498
-0.013483794394570
-0.011920871830509
0.795756154819850
0.051832433975370
1.570796326794895
0.900000000000000
