0.799123702248277
0.002506275463811
0.000846863557331
-0.002420382431808
-0.007494546007877
-0.014479549032726
-0.023356341549312
-0.033956171599277
-0.045931549796869
-0.058743928691966
-0.071667462919243
-0.083804834676401
-0.094147929706315
-0.101716440086069
-0.105731945366399
-0.105731945366399
-0.101716440086069
-0.094147929706315
-0.083804834676401
-0.071667462919243
-0.058743928691966
-0.045931549796869
-0.033956171599277
-0.023356341549312
-0.014479549032726
-0.007494546007877
-0.002420382431808
0.000846863557331
0.002506275463811
0.799123702248277
0.051832433975370
1.570796326794895
0.900000000000000
