0.790701253140449
0.004313219603965
0.006737757701299
0.007464934997493
0.009505121797661
0.009153286984026
0.009652674096454
0.006997383632523
0.004747442224271
-0.001268064172257
-0.007085787132724
-0.016906711415074
-0.026301378367210
-0.039380305325655
-0.051211276357809
-0.065712330617583
-0.077464581031773
-0.090182414066318
-0.098179189869664
-0.105297278734503
-0.106157241763611
-0.105297278734503
-0.098179189869664
-0.090182414066318
-0.077464581031773
-0.065712330617583
-0.051211276357809
-0.039380305325655
-0.026301378367210
-0.016906711415074
-0.007085787132724
-0.001268064172257
0.004747442224271
0.006997383632523
0.009652674096454
0.009153286984026
0.009505121797661
0.007464934997493
0.006737757701299
0.004313219603965
0.790701253140449
0.051832433975370
1.570796326794895
0.900000000000000
