0.799740799319866
-0.000234313280631
-0.000338700455956
-0.006625823205979
-0.010242328826309
-0.020472769139871
-0.027703352049899
-0.041423133155223
-0.051237272982574
-0.066646343229552
-0.076566177660313
-0.090442994074748
-0.096771964367214
-0.105240273600726
-0.104590540132257
-0.105240273600726
-0.096771964367214
-0.090442994074748
-0.076566177660313
-0.066646343229552
-0.051237272982574
-0.041423133155223
-0.027703352049899
-0.020472769139871
-0.010242328826309
-0.006625823205979
-0.000338700455956
-0.000234313280631
0.799740799319866
0.051832433975370
1.570796326794895
0.900000000000000
