0.799349570794025
0.002859495110598
0.003845846396533
-0.000800372929917
-0.002832131555438
-0.011197856755294
-0.016908133693622
-0.029162017960837
-0.038190639859921
-0.053268248103253
-0.063876102631716
-0.079201030568248
-0.088133933015800
-0.099892942601829
-0.103246224267024
-0.107901400526758
-0.103246224267024
-0.099892942601829
-0.088133933015800
-0.079201030568248
-0.063876102631716
-0.053268248103253
-0.038190639859921
-0.029162017960837
-0.016908133693622
-0.011197856755294
-0.002832131555438
-0.000800372929917
0.003845846396533
0.002859495110598
0.799349570794025
0.051832433975370
1.570796326794895
0.900000000000000
