0.798907680104390
-0.001355153883756
-0.004197989427834
-0.008992990618252
-0.015761260319184
-0.024434441714096
-0.034815644425078
-0.046551877287406
-0.059112923607402
-0.071776555274728
-0.083649935287631
-0.093776388573603
-0.101183048426395
-0.105101176722513
-0.105101176722513
-0.101183048426395
-0.093776388573603
-0.083649935287631
-0.071776555274728
-0.059112923607402
-0.046551877287406
-0.034815644425078
-0.024434441714096
-0.015761260319184
-0.008992990618252
-0.004197989427834
-0.001355153883756
0.798907680104390
0.051832433975370
1.570796326794895
0.900000000000000
