0.793160215332669
-0.020486646644603
-0.018969501795589
-0.027951471522520
-0.034218422206786
-0.046989155724743
-0.055158614941606
-0.068841320083823
-0.076526687154768
-0.088501094834351
-0.092924358489568
-0.100363464668294
-0.099139886229503
-0.100363464668294
-0.092924358489568
-0.088501094834351
-0.076526687154768
-0.068841320083823
-0.055158614941606
-0.046989155724743
-0.034218422206786
-0.027951471522520
-0.018969501795589
-0.020486646644603
0.793160215332669
0.045340746242522
1.570796326794896
0.900000000000000
