0.784349843512486
0.000287700615373
0.000240607262632
0.001152583809952
0.001500780315102
0.002925978443658
0.003653621226020
0.005495883883020
0.006401994141870
0.008341845861004
0.008987939929564
0.010468185123074
0.010203735486487
0.010503958978920
0.008588237320120
0.006984404702984
0.002772968439428
-0.001259431207227
-0.008100900842868
-0.014691738040727
-0.024030541403212
-0.032756232557550
-0.043828357868348
-0.053581637548921
-0.064884960540297
-0.073805732178316
-0.083149431075323
-0.088880825891364
-0.093942949386125
-0.094512352938224
-0.093942949386125
-0.088880825891364
-0.083149431075323
-0.073805732178316
-0.064884960540297
-0.053581637548921
-0.043828357868348
-0.032756232557550
-0.024030541403212
-0.014691738040727
-0.008100900842868
-0.001259431207227
0.002772968439428
0.006984404702984
0.008588237320120
0.010503958978920
0.010203735486487
0.010468185123074
0.008987939929564
0.008341845861004
0.006401994141870
0.005495883883020
0.003653621226020
0.002925978443658
0.001500780315102
0.001152583809952
0.000240607262632
0.000287700615373
0.784349843512486
0.045340746242522
1.570796326794896
0.900000000000000
