0.801098550251304
-0.001546342170490
-0.003946456587341
-0.007967174697110
-0.013607930865235
-0.020819686502925
-0.029482124684287
-0.039360279402713
-0.050120531918991
-0.061286520832711
-0.072263768393378
-0.082362119574832
-0.090809814153987
-0.096934466806602
-0.100153052236680
-0.100153052236680
-0.096934466806602
-0.090809814153987
-0.082362119574832
-0.072263768393378
-0.061286520832711
-0.050120531918991
-0.039360279402713
-0.029482124684287
-0.020819686502925
-0.013607930865235
-0.007967174697110
-0.003946456587341
-0.001546342170490
0.801098550251304
0.045340746242522
1.570796326794896
0.900000000000000
