0.785144536973027
0.001681973234704
0.001743150226406
0.003030892194604
0.003829640383864
0.005550939441225
0.006522424658852
0.008313798863021
0.009017230841783
0.010328909986493
0.010125573406161
0.010251665056759
0.008413223832595
0.006643868130886
0.002540882698184
-0.001633015583055
-0.008329254243760
-0.015029100033291
-0.024177072617532
-0.032980086864073
-0.043821773313717
-0.053625364686699
-0.064673204188042
-0.073635984777568
-0.082730511529854
-0.088533128221139
-0.093390745900276
-0.094094127128265
-0.093390745900276
-0.088533128221139
-0.082730511529854
-0.073635984777568
-0.064673204188042
-0.053625364686699
-0.043821773313717
-0.032980086864073
-0.024177072617532
-0.015029100033291
-0.008329254243760
-0.001633015583055
0.002540882698184
0.006643868130886
0.008413223832595
0.010251665056759
0.010125573406161
0.010328909986493
0.009017230841783
0.008313798863021
0.006522424658852
0.005550939441225
0.003829640383864
0.003030892194604
0.001743150226406
0.001681973234704
0.785144536973027
0.045340746242522
1.570796326794896
0.900000000000000
