0.790827499919916
0.003928020563819
0.006293835341227
0.006748673468025
0.008971781657632
0.008714392132910
0.010001526136868
0.008180296711934
0.007653301698177
0.003437909537754
0.000373870172533
-0.006754814931815
-0.012669285426726
-0.022710135230148
-0.031143814926169
-0.043357939297223
-0.053173817328368
-0.065944579780452
-0.075088609300471
-0.085932356906886
-0.091701954257728
-0.097897172536016
-0.097963036786744
-0.097897172536016
-0.091701954257728
-0.085932356906886
-0.075088609300471
-0.065944579780452
-0.053173817328368
-0.043357939297223
-0.031143814926169
-0.022710135230148
-0.012669285426726
-0.006754814931815
0.000373870172533
0.003437909537754
0.007653301698177
0.008180296711934
0.010001526136868
0.008714392132910
0.008971781657632
0.006748673468025
0.006293835341227
0.003928020563819
0.790827499919916
0.045340746242522
1.570796326794896
0.900000000000000
