0.789551450061033
0.003321883078798
0.005412706277350
0.006112428353483
0.008260416631123
0.008555443196322
0.010094150835956
0.009214892925401
0.009314827594158
0.006441051727788
0.004319183001504
-0.001202942188435
-0.006034859653975
-0.014441696757964
-0.021949972590141
-0.032866821479914
-0.042327520665475
-0.054605618849552
-0.064452328494206
-0.076069162061073
-0.083925991739769
-0.092256925385546
-0.095543940536884
-0.098342936283436
-0.095543940536884
-0.092256925385546
-0.083925991739769
-0.076069162061073
-0.064452328494206
-0.054605618849552
-0.042327520665475
-0.032866821479914
-0.021949972590141
-0.014441696757964
-0.006034859653975
-0.001202942188435
0.004319183001504
0.006441051727788
0.009314827594158
0.009214892925401
0.010094150835956
0.008555443196322
0.008260416631123
0.006112428353483
0.005412706277350
0.003321883078798
0.789551450061033
0.045340746242522
1.570796326794896
0.900000000000000
