0.796217285244871
0.005161026400665
0.007958875779703
0.006589145809708
0.008252185920410
0.004936248677287
0.004500174992192
-0.001604673256199
-0.004838726160171
-0.014162853903327
-0.020341928456407
-0.032609937628818
-0.041075021745601
-0.055135499017666
-0.064251451542944
-0.077888032610239
-0.085057447829034
-0.095321940354188
-0.097620479469949
-0.101924279095613
-0.097620479469949
-0.095321940354188
-0.085057447829034
-0.077888032610239
-0.064251451542944
-0.055135499017666
-0.041075021745601
-0.032609937628818
-0.020341928456407
-0.014162853903327
-0.004838726160171
-0.001604673256199
0.004500174992192
0.004936248677287
0.008252185920410
0.006589145809708
0.007958875779703
0.005161026400665
0.796217285244871
0.045340746242522
1.570796326794896
0.900000000000000
