0.788046107935969
0.002675561829666
0.003998272149706
0.005243354614513
0.006767417568553
0.008008988966010
0.009251545184638
0.009884077990229
0.010144738741906
0.009413268032485
0.007913816123736
0.005083753008351
0.001180220420817
-0.004235753823865
-0.010832999653260
-0.018877154889854
-0.027927374428294
-0.038029516314547
-0.048602238820340
-0.059435894591396
-0.069805922139011
-0.079269491256826
-0.087059752978525
-0.092682044723501
-0.095605118799733
-0.095605118799733
-0.092682044723501
-0.087059752978525
-0.079269491256826
-0.069805922139011
-0.059435894591396
-0.048602238820340
-0.038029516314547
-0.027927374428294
-0.018877154889854
-0.010832999653260
-0.004235753823865
0.001180220420817
0.005083753008351
0.007913816123736
0.009413268032485
0.010144738741906
0.009884077990229
0.009251545184638
0.008008988966010
0.006767417568553
0.005243354614513
0.003998272149706
0.002675561829666
0.788046107935969
0.045340746242522
1.570796326794896
0.900000000000000
