0.786482075229765
0.002448194735216
0.002465020144000
0.004303393921959
0.005132811116356
0.006932549353802
0.007908828854186
0.009431039273238
0.009899244824532
0.010562799654712
0.009786247802074
0.008877181445073
0.006142344168972
0.003034134014539
-0.002165812954674
-0.007807510659120
-0.015588930785253
-0.023627607747223
-0.033556358009344
-0.043245290066829
-0.054212158051125
-0.064072693252226
-0.074226633073872
-0.082111587193236
-0.089123434910672
-0.092760971586493
-0.094683461523897
-0.092760971586493
-0.089123434910672
-0.082111587193236
-0.074226633073872
-0.064072693252226
-0.054212158051125
-0.043245290066829
-0.033556358009344
-0.023627607747223
-0.015588930785253
-0.007807510659120
-0.002165812954674
0.003034134014539
0.006142344168972
0.008877181445073
0.009786247802074
0.010562799654712
0.009899244824532
0.009431039273238
0.007908828854186
0.006932549353802
0.005132811116356
0.004303393921959
0.002465020144000
0.002448194735216
0.786482075229765
0.045340746242522
1.570796326794896
0.900000000000000
