0.798666758516247
0.005565678743284
0.005866471272683
0.005115631088817
0.003452262160317
0.000303744466182
-0.004132374347200
-0.010284776864749
-0.017831418363597
-0.026970488980897
-0.037211930310979
-0.048454667643697
-0.060007533443615
-0.071447916223463
-0.081881448542646
-0.090685756390368
-0.097015586407070
-0.100358561669722
-0.100358561669722
-0.097015586407070
-0.090685756390368
-0.081881448542646
-0.071447916223463
-0.060007533443615
-0.048454667643697
-0.037211930310979
-0.026970488980897
-0.017831418363597
-0.010284776864749
-0.004132374347200
0.000303744466182
0.003452262160317
0.005115631088817
0.005866471272683
0.005565678743284
0.798666758516247
0.045340746242522
1.570796326794896
0.900000000000000
