0.792910720031269
0.005290009092307
0.006852376368130
0.007845839333848
0.008699944075544
0.008542355752207
0.007766807584390
0.005537480716013
0.002262493117744
-0.002756942992420
-0.009034248042875
-0.017071235712357
-0.026256853311308
-0.036808104024372
-0.047982795743450
-0.059655350304836
-0.070924809402019
-0.081352055408283
-0.089980909824913
-0.096264106233239
-0.099534937021314
-0.099534937021314
-0.096264106233239
-0.089980909824913
-0.081352055408283
-0.070924809402019
-0.059655350304836
-0.047982795743450
-0.036808104024372
-0.026256853311308
-0.017071235712357
-0.009034248042875
-0.002756942992420
0.002262493117744
0.005537480716013
0.007766807584390
0.008542355752207
0.008699944075544
0.007845839333848
0.006852376368130
0.005290009092307
0.792910720031269
0.045340746242522
1.570796326794896
0.900000000000000
