0.784873395509518
0.001139780542977
0.001468126388192
0.002384393220061
0.003351476048612
0.004711939397554
0.005979175097250
0.007471675821776
0.008650848648609
0.009776211886157
0.010270019935109
0.010347108722493
0.009432630292131
0.007733896551098
0.004735927349675
0.000682438079944
-0.004823742549233
-0.011466603919248
-0.019473230323588
-0.028424613851899
-0.038347391372668
-0.048686469708067
-0.059224489527172
-0.069281053169539
-0.078421380464168
-0.085929814962420
-0.091334164605959
-0.094141685579588
-0.094141685579588
-0.091334164605959
-0.085929814962420
-0.078421380464168
-0.069281053169539
-0.059224489527172
-0.048686469708067
-0.038347391372668
-0.028424613851899
-0.019473230323588
-0.011466603919248
-0.004823742549233
0.000682438079944
0.004735927349675
0.007733896551098
0.009432630292131
0.010347108722493
0.010270019935109
0.009776211886157
0.008650848648609
0.007471675821776
0.005979175097250
0.004711939397554
0.003351476048612
0.002384393220061
0.001468126388192
0.001139780542977
0.784873395509518
0.045340746242522
1.570796326794896
0.900000000000000
