0.801980154333177
-0.000845647889548
-0.000063419649581
-0.006363138148569
-0.008392509137363
-0.017965602772513
-0.022893097943683
-0.035462031672621
-0.042655051060693
-0.057078092167013
-0.064939917526151
-0.079049084660672
-0.085038170365214
-0.095924775672665
-0.097202778710862
-0.102324208624008
-0.097202778710862
-0.095924775672665
-0.085038170365214
-0.079049084660672
-0.064939917526151
-0.057078092167013
-0.042655051060693
-0.035462031672621
-0.022893097943683
-0.017965602772513
-0.008392509137363
-0.006363138148569
-0.000063419649581
-0.000845647889548
0.801980154333177
0.045340746242522
1.570796326794896
0.900000000000000
