0.792360838968644
0.004508459278198
0.007118480719259
0.007174978614770
0.009371196416447
0.008348059373518
0.009239154851720
0.006229274579756
0.004924463110135
-0.000839928359156
-0.004944302099493
-0.013798514533733
-0.020763317966845
-0.032385462244103
-0.041506172017409
-0.054734496276341
-0.064402249124449
-0.077092428605877
-0.084779789882923
-0.094108771051861
-0.097023504991666
-0.100535314338242
-0.097023504991666
-0.094108771051861
-0.084779789882923
-0.077092428605877
-0.064402249124449
-0.054734496276341
-0.041506172017409
-0.032385462244103
-0.020763317966845
-0.013798514533733
-0.004944302099493
-0.000839928359156
0.004924463110135
0.006229274579756
0.009239154851720
0.008348059373518
0.009371196416447
0.007174978614770
0.007118480719259
0.004508459278198
0.792360838968644
0.045340746242522
1.570796326794896
0.900000000000000
