0.801184181719020
0.002087207175509
0.000590612674916
-0.002252240773616
-0.006546583103856
-0.012392274330425
-0.019759917507357
-0.028571313470245
-0.038583461991630
-0.049501980694830
-0.060807660554516
-0.071935770458094
-0.082165615731596
-0.090745036011331
-0.096946438332907
-0.100203199566486
-0.100203199566486
-0.096946438332907
-0.090745036011331
-0.082165615731596
-0.071935770458094
-0.060807660554516
-0.049501980694830
-0.038583461991630
-0.028571313470245
-0.019759917507357
-0.012392274330425
-0.006546583103856
-0.002252240773616
0.000590612674916
0.002087207175509
0.801184181719020
0.045340746242522
1.570796326794896
0.900000000000000
