0.796741860803248
0.005961185886062
0.006894216180625
0.006930041174533
0.006340313508664
0.004381913224534
0.001347315578503
-0.003401861843293
-0.009480266617532
-0.017321246568625
-0.026406326309109
-0.036891597354704
-0.048093506324737
-0.059838422476643
-0.071230693312249
-0.081796513681828
-0.090574614855041
-0.096961896012223
-0.100299958248297
-0.100299958248297
-0.096961896012223
-0.090574614855041
-0.081796513681828
-0.071230693312249
-0.059838422476643
-0.048093506324737
-0.036891597354704
-0.026406326309109
-0.017321246568625
-0.009480266617532
-0.003401861843293
0.001347315578503
0.004381913224534
0.006340313508664
0.006930041174533
0.006894216180625
0.005961185886062
0.796741860803248
0.045340746242522
1.570796326794896
0.900000000000000
