0.784514353484858
0.000442406178583
0.000705040549715
0.001444240517444
0.002190373687489
0.003394080815432
0.004544589924476
0.006048211174633
0.007338469971924
0.008758859932625
0.009693380121968
0.010425904348659
0.010322112878359
0.009633736015317
0.007760641078624
0.004964876865238
0.000740786263730
-0.004596938860708
-0.011405658911570
-0.019285058053413
-0.028399818560324
-0.038236301120569
-0.048726327597911
-0.059221803974487
-0.069406955154494
-0.078534678960298
-0.086132731654173
-0.091537858579911
-0.094378277683151
-0.094378277683151
-0.091537858579911
-0.086132731654173
-0.078534678960298
-0.069406955154494
-0.059221803974487
-0.048726327597911
-0.038236301120569
-0.028399818560324
-0.019285058053413
-0.011405658911570
-0.004596938860708
0.000740786263730
0.004964876865238
0.007760641078624
0.009633736015317
0.010322112878359
0.010425904348659
0.009693380121968
0.008758859932625
0.007338469971924
0.006048211174633
0.004544589924476
0.003394080815432
0.002190373687489
0.001444240517444
0.000705040549715
0.000442406178583
0.784514353484858
0.045340746242522
1.570796326794896
0.900000000000000
