0.788157937712727
-0.025275122037622
-0.023060938123737
-0.030766950141042
-0.040465170167083
-0.051069557216669
-0.062058097166715
-0.072831414094145
-0.082730261980332
-0.091018428878306
-0.097004936522320
-0.100146329807986
-0.100146329807986
-0.097004936522320
-0.091018428878306
-0.082730261980332
-0.072831414094145
-0.062058097166715
-0.051069557216669
-0.040465170167083
-0.030766950141042
-0.023060938123737
-0.025275122037622
0.788157937712727
0.045340746242522
1.570796326794896
0.900000000000000
