0.784614398867551
0.000862183556799
0.000940426622064
0.002036088546398
0.002604101542829
0.004205797450560
0.005084729682464
0.006960340289032
0.007821161670050
0.009529576591591
0.009821099276531
0.010717408777236
0.009732858642703
0.009079340769919
0.006111143579684
0.003265009158889
-0.002192991533421
-0.007568757138871
-0.015634251375516
-0.023410824912701
-0.033646750477981
-0.043075309098672
-0.054368492894854
-0.063970047087465
-0.074458412827613
-0.082077653133224
-0.089418508035200
-0.092771777566031
-0.095003647919650
-0.092771777566031
-0.089418508035200
-0.082077653133224
-0.074458412827613
-0.063970047087465
-0.054368492894854
-0.043075309098672
-0.033646750477981
-0.023410824912701
-0.015634251375516
-0.007568757138871
-0.002192991533421
0.003265009158889
0.006111143579684
0.009079340769919
0.009732858642703
0.010717408777236
0.009821099276531
0.009529576591591
0.007821161670050
0.006960340289032
0.005084729682464
0.004205797450560
0.002604101542829
0.002036088546398
0.000940426622064
0.000862183556799
0.784614398867551
0.045340746242522
1.570796326794896
0.900000000000000
