0.789949872965604
0.003924430314550
0.005498374660137
0.006794561093686
0.008243577170165
0.009080878960395
0.009675613537207
0.009243756967570
0.008123761118247
0.005586928508169
0.001993265416113
-0.003253101549108
-0.009720820574390
-0.017806943172554
-0.026973525560646
-0.037362882149263
-0.048296418501794
-0.059616273252326
-0.070497789041336
-0.080504347902246
-0.088763361565718
-0.094748836445319
-0.097867956887890
-0.097867956887890
-0.094748836445319
-0.088763361565718
-0.080504347902246
-0.070497789041336
-0.059616273252326
-0.048296418501794
-0.037362882149263
-0.026973525560646
-0.017806943172554
-0.009720820574390
-0.003253101549108
0.001993265416113
0.005586928508169
0.008123761118247
0.009243756967570
0.009675613537207
0.009080878960395
0.008243577170165
0.006794561093686
0.005498374660137
0.003924430314550
0.789949872965604
0.045340746242522
1.570796326794896
0.900000000000000
