0.801185851531687
-0.005266908571662
-0.005268151285208
-0.012714539326943
-0.016066056036729
-0.026951186887011
-0.033091090007339
-0.046557173690238
-0.054305920999860
-0.068668699783621
-0.075926078634484
-0.088589625789633
-0.092541883872996
-0.100618801546901
-0.098855238791266
-0.100618801546901
-0.092541883872996
-0.088589625789633
-0.075926078634484
-0.068668699783621
-0.054305920999860
-0.046557173690238
-0.033091090007339
-0.026951186887011
-0.016066056036729
-0.012714539326943
-0.005268151285208
-0.005266908571662
0.801185851531687
0.045340746242522
1.570796326794896
0.900000000000000
