0.801503768653188
0.002147063105117
0.003731868125307
-0.001238976061472
-0.002048111403583
-0.010094450660698
-0.013772643320306
-0.025036424009692
-0.031409576995321
-0.045219630021551
-0.053206422582730
-0.067921759339855
-0.075400281370715
-0.088359434385338
-0.092467989999786
-0.100723854966222
-0.098951661694933
-0.100723854966222
-0.092467989999786
-0.088359434385338
-0.075400281370715
-0.067921759339855
-0.053206422582730
-0.045219630021551
-0.031409576995321
-0.025036424009692
-0.013772643320306
-0.010094450660698
-0.002048111403583
-0.001238976061472
0.003731868125307
0.002147063105117
0.801503768653188
0.045340746242522
1.570796326794896
0.900000000000000
