0.798618169174949
-0.011560805784674
-0.011792493908370
-0.020084960492573
-0.024779810455699
-0.036719654511817
-0.043957020044235
-0.057833714099547
-0.065787204463294
-0.079350193098472
-0.085467643459281
-0.095862338234044
-0.097361355637771
-0.102121461248261
-0.097361355637771
-0.095862338234044
-0.085467643459281
-0.079350193098472
-0.065787204463294
-0.057833714099547
-0.043957020044235
-0.036719654511817
-0.024779810455699
-0.020084960492573
-0.011792493908370
-0.011560805784674
0.798618169174949
0.045340746242522
1.570796326794896
0.900000000000000
