0.791294687510408
0.004627805044593
0.006249898292923
0.007458918690205
0.008700152854756
0.009132858420437
0.009149329277561
0.007919093508837
0.005823803257423
0.002119069625308
-0.002761711531289
-0.009386596941953
-0.017232638371171
-0.026633711553758
-0.036941697917150
-0.048180984117916
-0.059564322900070
-0.070790207207187
-0.080934237876404
-0.089475107723770
-0.095577381480877
-0.098804994349804
-0.098804994349804
-0.095577381480877
-0.089475107723770
-0.080934237876404
-0.070790207207187
-0.059564322900070
-0.048180984117916
-0.036941697917150
-0.026633711553758
-0.017232638371171
-0.009386596941953
-0.002761711531289
0.002119069625308
0.005823803257423
0.007919093508837
0.009149329277561
0.009132858420437
0.008700152854756
0.007458918690205
0.006249898292923
0.004627805044593
0.791294687510408
0.045340746242522
1.570796326794896
0.900000000000000
