0.788574057275998
0.002770605279483
0.004584750332183
0.005406647077048
0.007427290238004
0.008084697718140
0.009766901265145
0.009600768293643
0.010193724760433
0.008419337428606
0.007137459410642
0.003037749858408
-0.000724897820670
-0.007566722526606
-0.014005322471242
-0.023507566659477
-0.032245084029413
-0.043651038620122
-0.053562990055836
-0.065327371181357
-0.074470538389102
-0.084286350122540
-0.090168396457267
-0.095552006839406
-0.096054170256275
-0.095552006839406
-0.090168396457267
-0.084286350122540
-0.074470538389102
-0.065327371181357
-0.053562990055836
-0.043651038620122
-0.032245084029413
-0.023507566659477
-0.014005322471242
-0.007566722526606
-0.000724897820670
0.003037749858408
0.007137459410642
0.008419337428606
0.010193724760433
0.009600768293643
0.009766901265145
0.008084697718140
0.007427290238004
0.005406647077048
0.004584750332183
0.002770605279483
0.788574057275998
0.045340746242522
1.570796326794896
0.900000000000000
