0.784334153624921
-0.000037097982738
0.000074178130346
0.000628146864257
0.001152197555125
0.002161080931476
0.003136940370252
0.004558046991719
0.005847071557324
0.007421306609798
0.008645234931642
0.009868458534438
0.010418651459604
0.010593301592633
0.009728423612328
0.008106539715701
0.005132242608519
0.001117236721561
-0.004406877784391
-0.011061426228703
-0.019138203199365
-0.028160959173645
-0.038200961672716
-0.048658242686488
-0.059349432042582
-0.069548698823430
-0.078841030938273
-0.086472715660277
-0.091974210775471
-0.094830251997367
-0.094830251997367
-0.091974210775471
-0.086472715660277
-0.078841030938273
-0.069548698823430
-0.059349432042582
-0.048658242686488
-0.038200961672716
-0.028160959173645
-0.019138203199365
-0.011061426228703
-0.004406877784391
0.001117236721561
0.005132242608519
0.008106539715701
0.009728423612328
0.010593301592633
0.010418651459604
0.009868458534438
0.008645234931642
0.007421306609798
0.005847071557324
0.004558046991719
0.003136940370252
0.002161080931476
0.001152197555125
0.000628146864257
0.000074178130346
-0.000037097982738
0.784334153624921
0.045340746242522
1.570796326794896
0.900000000000000
