0.794753515608501
0.005793787472406
0.007141537690711
0.007752066754830
0.008014103068057
0.007064102573724
0.005265384169200
0.001847603832633
-0.002775045543677
-0.009200478802760
-0.016929663468532
-0.026293358324812
-0.036652031005167
-0.048045224826811
-0.059643042779353
-0.071146086102869
-0.081580211761059
-0.090394499975089
-0.096707755170508
-0.100051280180728
-0.100051280180728
-0.096707755170508
-0.090394499975089
-0.081580211761059
-0.071146086102869
-0.059643042779353
-0.048045224826811
-0.036652031005167
-0.026293358324812
-0.016929663468532
-0.009200478802760
-0.002775045543677
0.001847603832633
0.005265384169200
0.007064102573724
0.008014103068057
0.007752066754830
0.007141537690711
0.005793787472406
0.794753515608501
0.045340746242522
1.570796326794896
0.900000000000000
