0.785649081589533
0.002108344798928
0.002206125608967
0.003469337534970
0.004633621684266
0.006086017376362
0.007387072289750
0.008744847464817
0.009679146557302
0.010344919255962
0.010238092178817
0.009487163589696
0.007615984606709
0.004772513138824
0.000564807114859
-0.004798026338189
-0.011572151892281
-0.019449836883282
-0.028508408718977
-0.038314964375833
-0.048732235824905
-0.059177614220999
-0.069283415046859
-0.078356311358100
-0.085892227222491
-0.091258533921844
-0.094075844023536
-0.094075844023536
-0.091258533921844
-0.085892227222491
-0.078356311358100
-0.069283415046859
-0.059177614220999
-0.048732235824905
-0.038314964375833
-0.028508408718977
-0.019449836883282
-0.011572151892281
-0.004798026338189
0.000564807114859
0.004772513138824
0.007615984606709
0.009487163589696
0.010238092178817
0.010344919255962
0.009679146557302
0.008744847464817
0.007387072289750
0.006086017376362
0.004633621684266
0.003469337534970
0.002206125608967
0.002108344798928
0.785649081589533
0.045340746242522
1.570796326794896
0.900000000000000
