0.798280562902296
0.004912408152264
0.007544535811142
0.005134981163567
0.006202204793081
0.001405732859567
0.000034129414168
-0.007850508044943
-0.012164539462152
-0.023258122432352
-0.030314482173006
-0.043946026304589
-0.052633503539335
-0.067127469213904
-0.075289789266081
-0.087971090799144
-0.092691817492336
-0.100571256705383
-0.099296786470440
-0.100571256705383
-0.092691817492336
-0.087971090799144
-0.075289789266081
-0.067127469213904
-0.052633503539335
-0.043946026304589
-0.030314482173006
-0.023258122432352
-0.012164539462152
-0.007850508044943
0.000034129414168
0.001405732859567
0.006202204793081
0.005134981163567
0.007544535811142
0.004912408152264
0.798280562902296
0.045340746242522
1.570796326794896
0.900000000000000
