0.784226210165385
-0.000111306319504
-0.000311205950372
0.000403729857709
0.000534195597094
0.001743508623232
0.002282653031263
0.003997393846223
0.004860044071748
0.006884115187111
0.007751256938972
0.009637928374249
0.009950897347998
0.011032791740805
0.010057040183449
0.009575758228895
0.006580390458111
0.003869062594877
-0.001674767149656
-0.006975715157757
-0.015195755144501
-0.022963929494366
-0.033428173046076
-0.042911447695800
-0.054490202165844
-0.064184133354976
-0.074975738738982
-0.082671335063743
-0.090267012974641
-0.093611384117906
-0.095983727722220
-0.093611384117906
-0.090267012974641
-0.082671335063743
-0.074975738738982
-0.064184133354976
-0.054490202165844
-0.042911447695800
-0.033428173046076
-0.022963929494366
-0.015195755144501
-0.006975715157757
-0.001674767149656
0.003869062594877
0.006580390458111
0.009575758228895
0.010057040183449
0.011032791740805
0.009950897347998
0.009637928374249
0.007751256938972
0.006884115187111
0.004860044071748
0.003997393846223
0.002282653031263
0.001743508623232
0.000534195597094
0.000403729857709
-0.000311205950372
-0.000111306319504
0.784226210165385
0.045340746242522
1.570796326794896
0.900000000000000
