0.788876568301939
0.003259598395496
0.004722119324801
0.006019903352614
0.007550338668996
0.008646173444224
0.009636278807611
0.009817312910144
0.009475494244485
0.007929198767361
0.005468527231675
0.001497438964220
-0.003635482885269
-0.010366998108524
-0.018265070219529
-0.027541554653485
-0.037647461822088
-0.048538201318759
-0.059511005450218
-0.070238274715311
-0.079900232646443
-0.087985799361674
-0.093754635370641
-0.096795563453971
-0.096795563453971
-0.093754635370641
-0.087985799361674
-0.079900232646443
-0.070238274715311
-0.059511005450218
-0.048538201318759
-0.037647461822088
-0.027541554653485
-0.018265070219529
-0.010366998108524
-0.003635482885269
0.001497438964220
0.005468527231675
0.007929198767361
0.009475494244485
0.009817312910144
0.009636278807611
0.008646173444224
0.007550338668996
0.006019903352614
0.004722119324801
0.003259598395496
0.788876568301939
0.045340746242522
1.570796326794896
0.900000000000000
