0.795910565087644
-0.014544431694003
-0.016755472083569
-0.022669143236936
-0.030799989743766
-0.040408412380679
-0.050963959291367
-0.061947369570316
-0.072753832822787
-0.082668312962844
-0.090984828880392
-0.096991367562669
-0.100146217318537
-0.100146217318537
-0.096991367562669
-0.090984828880392
-0.082668312962844
-0.072753832822787
-0.061947369570316
-0.050963959291367
-0.040408412380679
-0.030799989743766
-0.022669143236936
-0.016755472083569
-0.014544431694003
0.795910565087644
0.045340746242522
1.570796326794896
0.900000000000000
