0.787804695918680
0.002275527273759
0.003831276151711
0.004700128209908
0.006559753984019
0.007446893926629
0.009185123006736
0.009546014305895
0.010510603273160
0.009624239323551
0.009058079690380
0.006190727409856
0.003423449183853
-0.001965031835292
-0.007306571846746
-0.015358064843409
-0.023166592371060
-0.033461967886710
-0.042990122252974
-0.054409299971897
-0.064161489435025
-0.074803922787149
-0.082572913154244
-0.090035183813573
-0.093470884214930
-0.095729924351866
-0.093470884214930
-0.090035183813573
-0.082572913154244
-0.074803922787149
-0.064161489435025
-0.054409299971897
-0.042990122252974
-0.033461967886710
-0.023166592371060
-0.015358064843409
-0.007306571846746
-0.001965031835292
0.003423449183853
0.006190727409856
0.009058079690380
0.009624239323551
0.010510603273160
0.009546014305895
0.009185123006736
0.007446893926629
0.006559753984019
0.004700128209908
0.003831276151711
0.002275527273759
0.787804695918680
0.045340746242522
1.570796326794896
0.900000000000000
