0.787392656845984
0.002165410422095
0.003330144941578
0.004488300234885
0.005947751973144
0.007244832658605
0.008626591871011
0.009572955724031
0.010276945058008
0.010192787014081
0.009488237994739
0.007643721987443
0.004841496801659
0.000650949384042
-0.004685658680431
-0.011461145649875
-0.019340055312819
-0.028427628823612
-0.038264236167967
-0.048733212420237
-0.059232796765968
-0.069404684826331
-0.078535740517530
-0.086129492342082
-0.091537317135086
-0.094376697640233
-0.094376697640233
-0.091537317135086
-0.086129492342082
-0.078535740517530
-0.069404684826331
-0.059232796765968
-0.048733212420237
-0.038264236167967
-0.028427628823612
-0.019340055312819
-0.011461145649875
-0.004685658680431
0.000650949384042
0.004841496801659
0.007643721987443
0.009488237994739
0.010192787014081
0.010276945058008
0.009572955724031
0.008626591871011
0.007244832658605
0.005947751973144
0.004488300234885
0.003330144941578
0.002165410422095
0.787392656845984
0.045340746242522
1.570796326794896
0.900000000000000
