0.799575807267001
-0.006886956510036
-0.009819394984525
-0.014899550925301
-0.021795086747900
-0.030270475256636
-0.040009993737793
-0.050649731944597
-0.061697424200701
-0.072560727843398
-0.082543116981315
-0.090909666031572
-0.096959400870404
-0.100138880805898
-0.100138880805898
-0.096959400870404
-0.090909666031572
-0.082543116981315
-0.072560727843398
-0.061697424200701
-0.050649731944597
-0.040009993737793
-0.030270475256636
-0.021795086747900
-0.014899550925301
-0.009819394984525
-0.006886956510036
0.799575807267001
0.045340746242522
1.570796326794896
0.900000000000000
