0.800150155825224
0.003982829866821
0.006215439227196
0.002571627063530
0.002820784141243
-0.003603443046714
-0.006065482987950
-0.015715768943146
-0.021101318092500
-0.033754623007918
-0.041441772467238
-0.055956290848991
-0.064338918274609
-0.078503441898568
-0.084971246730881
-0.095820254694630
-0.097452012029816
-0.102387941488257
-0.097452012029816
-0.095820254694630
-0.084971246730881
-0.078503441898568
-0.064338918274609
-0.055956290848991
-0.041441772467238
-0.033754623007918
-0.021101318092500
-0.015715768943146
-0.006065482987950
-0.003603443046714
0.002820784141243
0.002571627063530
0.006215439227196
0.003982829866821
0.800150155825224
0.045340746242522
1.570796326794896
0.900000000000000
