0.794197391399264
0.004963006579801
0.007738636045416
0.007187521455159
0.009214453003651
0.007164928019416
0.007488924099270
0.003029802934181
0.000818901632695
-0.006685135305725
-0.011843344801728
-0.022466080844070
-0.030310645005831
-0.043338385662350
-0.052734605589424
-0.066503813248062
-0.075313846941896
-0.087203996612708
-0.092576759995590
-0.099668673991745
-0.099107274069643
-0.099668673991745
-0.092576759995590
-0.087203996612708
-0.075313846941896
-0.066503813248062
-0.052734605589424
-0.043338385662350
-0.030310645005831
-0.022466080844070
-0.011843344801728
-0.006685135305725
0.000818901632695
0.003029802934181
0.007488924099270
0.007164928019416
0.009214453003651
0.007187521455159
0.007738636045416
0.004963006579801
0.794197391399264
0.045340746242522
1.570796326794896
0.900000000000000
