0.800252942034233
0.004364236602951
0.003828257511182
0.002101340704767
-0.000822648937030
-0.005295024779265
-0.011213770648382
-0.018753047618713
-0.027656954428512
-0.037859409154145
-0.048886735245905
-0.060382145184739
-0.071635061601605
-0.082019392907359
-0.090698097351876
-0.096996034324950
-0.100297452155756
-0.100297452155756
-0.096996034324950
-0.090698097351876
-0.082019392907359
-0.071635061601605
-0.060382145184739
-0.048886735245905
-0.037859409154145
-0.027656954428512
-0.018753047618713
-0.011213770648382
-0.005295024779265
-0.000822648937030
0.002101340704767
0.003828257511182
0.004364236602951
0.800252942034233
0.045340746242522
1.570796326794896
0.900000000000000
